0.468525226701
0.405143264886
0.361440361088
0.327094894722
0.281921887971
0.240941564663
(0.191026221288-0j)
(0.161731146911-0j)
0.126601944891
0.0745130126349
1.20593205104e-15
0.468525226701
0.405143264886
0.361440361088
0.327094894722
0.281921887971
0.240941564663
(0.191026221288-0j)
(0.161731146911-0j)
0.126601944891
0.0745130126349
1.20593205104e-15
0.468525226701
0.405143264886
0.361440361088
0.327094894722
0.281921887971
0.240941564663
(0.191026221288-0j)
(0.161731146911-0j)
0.126601944891
0.0745130126349
1.20593205104e-15
0.468525226701
0.405143264886
0.361440361088
0.327094894722
0.281921887971
0.240941564663
(0.191026221288-0j)
(0.161731146911-0j)
0.126601944891
0.0745130126349
1.20593205104e-15
0.468525226701
0.405143264886
0.361440361088
0.327094894722
0.281921887971
0.240941564663
(0.191026221288-0j)
(0.161731146911-0j)
0.126601944891
0.0745130126349
1.20593205104e-15
0.468525226701
0.405143264886
0.361440361088
0.327094894722
0.281921887971
0.240941564663
(0.191026221288-0j)
(0.161731146911-0j)
0.126601944891
0.0745130126349
1.20593205104e-15
0.468525226701
0.405143264886
0.361440361088
0.327094894722
0.281921887971
0.240941564663
(0.191026221288-0j)
(0.161731146911-0j)
0.126601944891
0.0745130126349
1.20593205104e-15
0.468525226701
0.405143264886
0.361440361088
0.327094894722
0.281921887971
0.240941564663
(0.191026221288-0j)
(0.161731146911-0j)
0.126601944891
0.0745130126349
1.20593205104e-15
0.468525226701
0.405143264886
0.361440361088
0.327094894722
0.281921887971
0.240941564663
(0.191026221288-0j)
(0.161731146911-0j)
0.126601944891
0.0745130126349
1.20593205104e-15
0.468525226701
0.405143264886
0.361440361088
0.327094894722
0.281921887971
0.240941564663
(0.191026221288-0j)
(0.161731146911-0j)
0.126601944891
0.0745130126349
1.20593205104e-15
0.468525226701
0.405143264886
0.468525226701
0.468525226701
0.468525226701
0.468525226701
0.468525226701
0.468525226701
0.468525226701
0.468525226701
0.468525226701
0.468525226701
0.468525226701
0.468525226701
0.468525226701
0.468525226701
0.468525226701
0.468525226701
0.468525226701
0.150962184586
0.150962184586
0.150962184586
0.150962184586
0.150962184586
0.150962184586
0.150962184586
0.150962184586
0.150962184586
0.150962184586
0.150962184586
0.150962184586
0.150962184586
0.150962184586
0.150962184586
0.150962184586
0.150962184586
0.150962184586
0.150962184586
0.150962184586
0.150962184586
0.150962184586
0.150962184586
0.150962184586
0.150962184586
0.150962184586
0.150962184586
0.150962184586
0.150962184586
0.150962184586
0.150962184586
0.150962184586
0.150962184586
0.150962184586
0.150962184586
0.150962184586
0.150962184586
0.077707971998
0.150962184586
0.077707971998
0.150962184586
0.077707971998
-1.46505455708e-16
0.150962184586
0.077707971998
-1.46505455708e-16
0.150962184586
0.077707971998
-1.46505455708e-16
0.150962184586
0.077707971998
-1.46505455708e-16
0.150962184586
0.077707971998
-1.46505455708e-16
0.150962184586
0.077707971998
-1.46505455708e-16
0.150962184586
0.077707971998
-1.46505455708e-16
0.150962184586
0.077707971998
-1.46505455708e-16
0.150962184586
0.077707971998
-1.46505455708e-16
0.150962184586
0.077707971998
-1.46505455708e-16
0.150962184586
0.077707971998
-1.46505455708e-16
0.150962184586
0.077707971998
-1.46505455708e-16
0.150962184586
0.077707971998
-1.46505455708e-16
0.150962184586
0.077707971998
-1.46505455708e-16
0.150962184586
0.077707971998
-1.46505455708e-16
0.150962184586
0.077707971998
-1.46505455708e-16
0.150962184586
0.077707971998
-1.46505455708e-16
0.150962184586
0.077707971998
-1.46505455708e-16
0.150962184586
0.077707971998
-1.46505455708e-16
0.150962184586
0.077707971998
-1.46505455708e-16
0.150962184586
0.077707971998
-1.46505455708e-16
0.150962184586
0.077707971998
-1.46505455708e-16
0.150962184586
0.077707971998
-1.46505455708e-16
0.150962184586
0.077707971998
-1.46505455708e-16
0.150962184586
0.077707971998
-1.46505455708e-16
0.150962184586
0.077707971998
-1.46505455708e-16
0.150962184586
0.077707971998
-1.46505455708e-16
0.150962184586
0.077707971998
-1.46505455708e-16
0.150962184586
0.077707971998
-1.46505455708e-16
0.150962184586
0.077707971998
-1.46505455708e-16
