0.019709
0.040651
0.062847
0.090022
0.120075
0.177455
0.222182
0.306837
0.386812
0.413842
0.440231
0.039758
0.077539
0.110736
0.143849
0.182862
0.221905
0.262086
0.301921
0.344948
0.382697
0.428281
0.04114
0.085406
0.171382
0.262672
0.350716
0.398654
0.446364
0.49377
0.538228
0.565309
0.591597
0.044479
0.086279
0.130053
0.174159
0.215418
0.260909
0.306842
0.345571
0.390355
0.431958
0.473839
0.051135
0.097227
0.146883
0.19444
0.259165
0.306143
0.357461
0.404784
0.450581
0.495154
0.560321
0.031367
0.059299
0.085174
0.117214
0.151591
0.188881
0.227794
0.266133
0.30276
0.339128
0.375959
0.092467
0.13905
0.188963
0.237277
0.287236
0.333773
0.381832
0.428845
0.473162
0.553153
0.586466
0.056464
0.104976
0.155404
0.20174
0.248022
0.294168
0.34097
0.387268
0.448594
0.513362
0.569063
0.051493
0.145124
0.191596
0.253118
0.297994
0.347986
0.394296
0.444648
0.516023
0.565197
0.599442
0.046264
0.094086
0.173909
0.255325
0.303695
0.352493
0.399433
0.446471
0.495552
0.578561
0.605321
0.054409
0.094739
0.042299
0.063173
0.067801
0.022153
0.042951
0.048968
0.05866
0.050581
0.048909
0.053492
0.493906
0.045821
0.047739
0.043691
0.049315
0.487355
0.108499
0.002832
0.002816
0.009674
0.008472
0.008208
0.011667
0.003137
0.002958
0.003036
0.003328
0.002978
0.002917
0.003014
0.005726
0.003767
0.038136
0.018021
0.003103
0.019847
0.009204
0.003193
0.011232
0.003198
0.01422
0.004212
0.00327
0.003131
0.005394
0.002931
0.004889
0.005241
0.00456
0.005639
0.004737
0.002819
0.006827
0.015512
0.017678
0.002839
0.005034
0.003864
0.006389
0.008369
0.002984
0.005131
0.006943
0.002964
0.005207
0.00707
0.006054
0.008233
0.0101
0.007496
0.010183
0.012633
0.003015
0.005281
0.007073
0.00466
0.007232
0.009554
0.011228
0.01336
0.015193
0.006705
0.009164
0.011077
0.0158
0.018004
0.020064
0.004001
0.006981
0.0096
0.003062
0.005263
0.007086
0.006117
0.008356
0.010165
0.004361
0.007655
0.010199
0.012956
0.017042
0.019777
0.003004
0.005244
0.007111
0.002937
0.005202
0.007084
0.004894
0.006999
0.008837
0.002856
0.005009
0.006992
0.002939
0.005201
0.007055
0.003065
0.005462
0.007352
0.00299
0.005367
0.007282
0.003143
0.005271
0.007277
0.003386
0.005748
0.007723
0.010752
0.013021
0.014878
0.002862
0.005044
0.006865
0.005044
0.007138
0.008906
0.002988
0.005367
0.009285
0.00773
0.012917
0.017031
0.00308
0.005239
0.007091
0.007048
0.012623
0.017094
0.003044
0.00527
0.007117
0.003112
0.005302
0.007119
0.002886
0.00502
0.006825
0.002895
0.005025
0.006794
0.002911
0.005094
0.007004
0.002908
0.005112
0.006904
0.002916
0.004995
0.006951
0.002911
0.005046
0.006859
0.002889
0.004973
0.006782
0.003047
0.005356
0.007276
0.003094
0.005317
0.007254
0.002942
0.00515
0.00711
0.002869
0.004951
0.006773
0.002999
0.005269
0.007247
0.002976
0.005115
0.007059
0.002989
0.005129
0.007022
0.002937
0.005128
0.006945
0.003483
0.005697
0.00764
0.003527
0.005725
0.007525
0.003033
0.005221
0.007128
0.00805
0.012978
0.016791
0.003104
0.005236
0.007106
0.003046
0.005192
0.00708
0.002968
0.005203
0.007155
0.003063
0.005391
0.007311
0.003097
0.005288
0.007142
0.002928
0.005135
0.006965
0.003055
0.005379
0.007316
0.004731
0.009804
0.014173
0.008112
0.010459
0.012388
0.002955
0.005097
0.006907
0.008428
0.010675
0.012515
0.007368
0.009681
0.011791
0.007129
0.009489
0.011349
0.005265
0.007449
0.009241
0.007339
0.010877
0.01397
0.003079
0.005435
0.007434
0.003925
0.006807
0.009088
0.004026
0.006269
0.008403
0.003677
0.005906
0.007881
0.006553
0.009122
0.011084
0.004566
0.006796
0.008596
0.002861
0.004967
0.006796
0.003011
0.005203
0.007083
0.00307
0.005209
0.007137
0.008287
0.010517
0.012457
0.003247
0.005808
0.007721
0.00739
0.009586
0.01149
0.009412
0.01187
0.013862
0.007741
0.010287
0.012251
0.003118
0.00537
0.007453
0.002952
0.005138
0.006952
0.008637
0.011003
0.012879
0.003931
0.006216
0.008175
0.002963
0.005245
0.007918
0.003155
0.005312
0.007084
0.006474
0.01017
0.013377
0.002982
0.005197
0.007037
0.004643
0.006904
0.008795
0.003072
0.005303
0.007141
0.002926
0.005071
0.006992
0.016346
0.020978
0.024476
0.009478
0.011806
0.013826
0.008667
0.010899
0.012779
0.004646
0.006835
0.008666
0.012909
0.015112
0.017745
0.005138
0.007346
0.009159
0.006276
0.00845
0.0103
0.006161
0.008675
0.010896
0.009816
0.012178
0.014071
0.010266
0.013157
0.015751
0.002908
0.005063
0.0069
0.012641
0.015129
0.01725
0.012081
0.014372
0.016257
0.017279
0.019663
0.022103
0.0095
0.011806
0.013615
0.003627
0.006382
0.008683
0.002922
0.005069
0.00697
0.006333
0.008424
0.010294
0.009397
0.01198
0.014085
0.008562
0.010938
0.012906
0.002824
0.004945
0.007177
0.013983
0.018039
0.021453
0.008362
0.010548
0.012439
0.003286
0.005721
0.007665
0.003933
0.006099
0.007978
0.005918
0.008129
0.009951
0.005469
0.009683
0.013316
0.003107
0.005415
0.007271
0.003188
0.005826
0.008055
0.003259
0.005559
0.007524
0.003096
0.005491
0.00749
0.004996
0.007279
0.00924
0.039674
0.044042
0.047352
0.005563
0.007813
0.009808
0.005266
0.007451
0.009324
0.005098
0.007282
0.009125
0.003722
0.006117
0.008075
0.006379
0.011108
0.014748
0.003414
0.006275
0.008631
0.007418
0.009596
0.011458
0.003078
0.005329
0.00714
0.009442
0.011664
0.013604
0.014622
0.016969
0.018866
0.003021
0.005212
0.007111
0.003212
0.005496
0.007434
0.002982
0.005439
0.008088
0.003203
0.005647
0.008117
0.002919
0.005069
0.006902
0.003185
0.005336
0.007301
0.003348
0.00562
0.007556
0.003157
0.005351
0.007214
0.003195
0.005535
0.00741
0.003077
0.005288
0.007298
0.003022
0.005278
0.007208
0.003246
0.006569
0.008723
0.003106
0.005333
0.007241
0.00476
0.008028
0.010801
0.003063
0.005297
0.007432
0.003167
0.005469
0.007382
0.002876
0.005095
0.006994
0.012264
0.015814
0.018729
0.013498
0.01619
0.018144
0.003976
0.006228
0.008273
0.0032
0.005444
0.00729
0.004116
0.006464
0.008351
0.003841
0.00611
0.007938
0.003744
0.005936
0.007755
0.006698
0.009102
0.011158
0.006473
0.008695
0.010518
0.001243
0.002208
0.003022
0.000839
0.001472
0.002047
0.000597
0.001094
0.001659
0.00208
0.001049
0.001874
0.002675
0.003429
0.000729
0.001303
0.001818
0.017368
0.020058
0.022026
0.001231
0.002182
0.002988
0.00092
0.001584
0.002173
0.000574
0.001049
0.001507
0.001939
0.001851
0.0033
0.004699
0.005989
0.001124
0.001707
0.002254
0.008658
0.010909
0.012763
0.001219
0.002219
0.003028
0.000879
0.001532
0.002106
0.000631
0.00112
0.00158
0.002014
0.001069
0.001882
0.002713
0.003437
0.000771
0.001346
0.001862
0.003134
0.005364
0.00722
0.001256
0.002156
0.002978
0.000872
0.001512
0.002085
0.000585
0.001062
0.001533
0.001985
0.001162
0.002041
0.002868
0.003612
0.000805
0.001391
0.001905
0.010665
0.012921
0.014841
0.0013
0.00219
0.003054
0.00088
0.001545
0.002136
0.000567
0.001034
0.001483
0.001906
0.001005
0.001791
0.002561
0.003362
0.000746
0.001363
0.001898
0.006203
0.008547
0.010434
0.001164
0.002055
0.003026
0.000866
0.001529
0.002123
0.000692
0.001294
0.00191
0.002368
0.00126
0.002109
0.002905
0.00366
0.000751
0.001328
0.00188
0.006407
0.008639
0.01046
0.001223
0.002132
0.002943
0.000826
0.001469
0.002093
0.000625
0.001094
0.001579
0.002006
0.001067
0.001901
0.00266
0.003398
0.000695
0.001252
0.001752
0.003271
0.005579
0.007457
0.001316
0.002308
0.003152
0.000952
0.001627
0.002233
0.000556
0.001021
0.001482
0.001936
0.001011
0.001801
0.00261
0.00338
0.000856
0.001467
0.001994
