[19, 0, 1]
[19, 0, 1]
[19, 0, 1]
[19, 0, 1][ 1  2  3  4  5  6  7  8  9 10 11 12 13 14 15 16 17 18 19] [2 2 2 2 2 2 2 2 2 1 1 1 1 1 1 1 1 1 1]
[19, 0, 1][ 1  2  3  4  5  6  7  8  9 10 11 12 13 14 15 16 17 18 19] [2 2 2 2 2 2 2 2 2 1 1 1 1 1 1 1 1 1 1]
[19, 0, 1][ 1  2  3  4  5  6  7  8  9 10 11 12 13 14 15 16 17 18 19] [2 2 2 2 2 2 2 2 2 1 1 1 1 1 1 1 1 1 1]
[19, 0, 1][ 1  2  3  4  5  6  7  8  9 10 11 12 13 14 15 16 17 18 19] [2 2 2 2 2 2 2 2 2 1 1 1 1 1 1 1 1 1 1]
[19, 0, 1][ 1  2  3  4  5  6  7  8  9 10 11 12 13 14 15 16 17 18 19] [2 2 2 2 2 2 2 2 2 1 1 1 1 1 1 1 1 1 1]
[19, 0, 1][ 1  2  3  4  5  6  7  8  9 10 11 12 13 14 15 16 17 18 19] [2 2 2 2 2 2 2 2 2 1 1 1 1 1 1 1 1 1 1]
[19, 0, 1][ 1  2  3  4  5  6  7  8  9 10 11 12 13 14 15 16 17 18 19] [2 2 2 2 2 2 2 2 2 1 1 1 1 1 1 1 1 1 1]
[19, 0, 1][ 1  2  3  4  5  6  7  8  9 10 11 12 13 14 15 16 17 18 19] [2 2 2 2 2 2 2 2 2 1 1 1 1 1 1 1 1 1 1]
[19, 0, 1][ 1  2  3  4  5  6  7  8  9 10 11 12 13 14 15 16 17 18 19] [2 2 2 2 2 2 2 2 2 1 1 1 1 1 1 1 1 1 1]
[19, 0, 1][ 1  2  3  4  5  6  7  8  9 10 11 12 13 14 15 16 17 18 19] [2 2 2 2 2 2 2 2 2 1 1 1 1 1 1 1 1 1 1]
[19, 0, 1][ 1  2  3  4  5  6  7  8  9 10 11 12 13 14 15 16 17 18 19] [2 2 2 2 2 2 2 2 2 1 1 1 1 1 1 1 1 1 1]
[19, 0, 1][ 1  2  3  4  5  6  7  8  9 10 11 12 13 14 15 16 17 18 19] [2 2 2 2 2 2 2 2 2 1 1 1 1 1 1 1 1 1 1]
[19, 0, 1][ 1  2  3  4  5  6  7  8  9 10 11 12 13 14 15 16 17 18 19] [2 2 2 2 2 2 2 2 2 1 1 1 1 1 1 1 1 1 1]
[19, 0, 1][ 1  2  3  4  5  6  7  8  9 10 11 12 13 14 15 16 17 18 19] [2 2 2 2 2 2 2 2 2 1 1 1 1 1 1 1 1 1 1]
[19, 0, 1][ 1  2  3  4  5  6  7  8  9 10 11 12 13 14 15 16 17 18 19] [2 2 2 2 2 2 2 2 2 1 1 1 1 1 1 1 1 1 1]
[19, 0, 1][ 1  2  3  4  5  6  7  8  9 10 11 12 13 14 15 16 17 18 19] [2 2 2 2 2 2 2 2 2 1 1 1 1 1 1 1 1 1 1]
[19, 0, 1][ 1  2  3  4  5  6  7  8  9 10 11 12 13 14 15 16 17 18 19] [2 2 2 2 2 2 2 2 2 1 1 1 1 1 1 1 1 1 1]
[19, 0, 1][ 1  2  3  4  5  6  7  8  9 10 11 12 13 14 15 16 17 18 19] [2 2 2 2 2 2 2 2 2 1 1 1 1 1 1 1 1 1 1]
[19, 0, 1][ 1  2  3  4  5  6  7  8  9 10 11 12 13 14 15 16 17 18 19] [2 2 2 2 2 2 2 2 2 1 1 1 1 1 1 1 1 1 1]
[19, 0, 1][ 1  2  3  4  5  6  7  8  9 10 11 12 13 14 15 16 17 18 19] [2 2 2 2 2 2 2 2 2 1 1 1 1 1 1 1 1 1 1]
[19, 0, 1][ 1  2  3  4  5  6  7  8  9 10 11 12 13 14 15 16 17 18 19] [2 2 2 2 2 2 2 2 2 1 1 1 1 1 1 1 1 1 1]
[19, 0, 1][ 1  2  3  4  5  6  7  8  9 10 11 12 13 14 15 16 17 18 19] [2 2 2 2 2 2 2 2 2 1 1 1 1 1 1 1 1 1 1]
[19, 0, 1][ 1  2  3  4  5  6  7  8  9 10 11 12 13 14 15 16 17 18 19] [2 2 2 2 2 2 2 2 2 1 1 1 1 1 1 1 1 1 1]
[19, 0, 1][ 1  2  3  4  5  6  7  8  9 10 11 12 13 14 15 16 17 18 19] [2 2 2 2 2 2 2 2 2 1 1 1 1 1 1 1 1 1 1]
[19, 0, 1][ 1  2  3  4  5  6  7  8  9 10 11 12 13 14 15 16 17 18 19] [2 2 2 2 2 2 2 2 2 1 1 1 1 1 1 1 1 1 1]
[19, 0, 1][ 1  2  3  4  5  6  7  8  9 10 11 12 13 14 15 16 17 18 19] [2 2 2 2 2 2 2 2 2 1 1 1 1 1 1 1 1 1 1]
[19, 0, 1][ 1  2  3  4  5  6  7  8  9 10 11 12 13 14 15 16 17 18 19] [2 2 2 2 2 2 2 2 2 1 1 1 1 1 1 1 1 1 1]
[19, 0, 1][ 1  2  3  4  5  6  7  8  9 10 11 12 13 14 15 16 17 18 19] [2 2 2 2 2 2 2 2 2 1 1 1 1 1 1 1 1 1 1]
[19, 0, 1][ 1  2  3  4  5  6  7  8  9 10 11 12 13 14 15 16 17 18 19] [2 2 2 2 2 2 2 2 2 1 1 1 1 1 1 1 1 1 1]
[19, 0, 1][ 1  2  3  4  5  6  7  8  9 10 11 12 13 14 15 16 17 18 19] [2 2 2 2 2 2 2 2 2 1 1 1 1 1 1 1 1 1 1]
[19, 0, 1][ 1  2  3  4  5  6  7  8  9 10 11 12 13 14 15 16 17 18 19] [2 2 2 2 2 2 2 2 2 1 1 1 1 1 1 1 1 1 1]
[19, 0, 1][ 1  2  3  4  5  6  7  8  9 10 11 12 13 14 15 16 17 18 19] [2 2 2 2 2 2 2 2 2 1 1 1 1 1 1 1 1 1 1]
[19, 0, 1][ 1  2  3  4  5  6  7  8  9 10 11 12 13 14 15 16 17 18 19] [2 2 2 2 2 2 2 2 2 1 1 1 1 1 1 1 1 1 1]
[19, 0, 1][ 1  2  3  4  5  6  7  8  9 10 11 12 13 14 15 16 17 18 19] [2 2 2 2 2 2 2 2 2 1 1 1 1 1 1 1 1 1 1]
[19, 0, 1][ 1  2  3  4  5  6  7  8  9 10 11 12 13 14 15 16 17 18 19] [2 2 2 2 2 2 2 2 2 1 1 1 1 1 1 1 1 1 1]
[19, 0, 1][ 1  2  3  4  5  6  7  8  9 10 11 12 13 14 15 16 17 18 19] [2 2 2 2 2 2 2 2 2 1 1 1 1 1 1 1 1 1 1]
[19, 0, 1][ 1  2  3  4  5  6  7  8  9 10 11 12 13 14 15 16 17 18 19] [2 2 2 2 2 2 2 2 2 1 1 1 1 1 1 1 1 1 1]
[19, 0, 1][ 1  2  3  4  5  6  7  8  9 10 11 12 13 14 15 16 17 18 19] [2 2 2 2 2 2 2 2 2 1 1 1 1 1 1 1 1 1 1]
[19, 0, 1][ 1  2  3  4  5  6  7  8  9 10 11 12 13 14 15 16 17 18 19] [2 2 2 2 2 2 2 2 2 1 1 1 1 1 1 1 1 1 1]
[19, 0, 1][ 1  2  3  4  5  6  7  8  9 10 11 12 13 14 15 16 17 18 19] [2 2 2 2 2 2 2 2 2 1 1 1 1 1 1 1 1 1 1]
[19, 0, 1][ 1  2  3  4  5  6  7  8  9 10 11 12 13 14 15 16 17 18 19] [2 2 2 2 2 2 2 2 2 1 1 1 1 1 1 1 1 1 1]
[19, 0, 1][ 1  2  3  4  5  6  7  8  9 10 11 12 13 14 15 16 17 18 19] [2 2 2 2 2 2 2 2 2 1 1 1 1 1 1 1 1 1 1]
[19, 0, 1][ 1  2  3  4  5  6  7  8  9 10 11 12 13 14 15 16 17 18 19] [2 2 2 2 2 2 2 2 2 1 1 1 1 1 1 1 1 1 1]
[19, 0, 1][ 1  2  3  4  5  6  7  8  9 10 11 12 13 14 15 16 17 18 19] [2 2 2 2 2 2 2 2 2 1 1 1 1 1 1 1 1 1 1]
[19, 0, 1][ 1  2  3  4  5  6  7  8  9 10 11 12 13 14 15 16 17 18 19] [2 2 2 2 2 2 2 2 2 1 1 1 1 1 1 1 1 1 1]
[19, 0, 1][ 1  2  3  4  5  6  7  8  9 10 11 12 13 14 15 16 17 18 19] [2 2 2 2 2 2 2 2 2 1 1 1 1 1 1 1 1 1 1]
[19, 0, 1][ 1  2  3  4  5  6  7  8  9 10 11 12 13 14 15 16 17 18 19] [2 2 2 2 2 2 2 2 2 1 1 1 1 1 1 1 1 1 1]
[19, 0, 1][ 1  2  3  4  5  6  7  8  9 10 11 12 13 14 15 16 17 18 19] [2 2 2 2 2 2 2 2 2 1 1 1 1 1 1 1 1 1 1]
[19, 0, 1][ 1  2  3  4  5  6  7  8  9 10 11 12 13 14 15 16 17 18 19] [2 2 2 2 2 2 2 2 2 1 1 1 1 1 1 1 1 1 1]
[19, 0, 1][ 1  2  3  4  5  6  7  8  9 10 11 12 13 14 15 16 17 18 19] [2 2 2 2 2 2 2 2 2 1 1 1 1 1 1 1 1 1 1]
[19, 0, 1][ 1  2  3  4  5  6  7  8  9 10 11 12 13 14 15 16 17 18 19] [2 2 2 2 2 2 2 2 2 1 1 1 1 1 1 1 1 1 1]
[10, '1', 2][10, 11, 12, 13, 14, 15, 16, 17, 18, 19] [2 2 2 2 2 2 2 1 1 1]
[7, '2', 3][10, 11, 12, 13, 14, 15, 16] [2 2 1 2 1 1 1]
[4, '1', 4][12, 14, 15, 16] [2 2 1 1]
[9, '2', 2][1, 2, 3, 4, 5, 6, 7, 8, 9] [2 2 1 1 2 2 2 1 2]
[6, '2', 3][1, 2, 5, 6, 7, 9] [2 2 1 1 1 1]
[19, 0, 1][ 1  2  3  4  5  6  7  8  9 10 11 12 13 14 15 16 17 18 19] [2 2 2 2 2 2 2 2 2 1 1 1 1 1 1 1 1 1 1]
[10, '1', 2][10, 11, 12, 13, 14, 15, 16, 17, 18, 19] [2 2 2 2 2 2 2 1 1 1]
[7, '2', 3][10, 11, 12, 13, 14, 15, 16] [2 2 1 2 1 1 1]
[4, '1', 4][12, 14, 15, 16] [2 2 1 1]
[9, '2', 2][1, 2, 3, 4, 5, 6, 7, 8, 9] [2 2 1 1 2 2 2 1 2]
[6, '2', 3][1, 2, 5, 6, 7, 9] [2 2 1 1 1 1]
[19, 0, 1][ 1  2  3  4  5  6  7  8  9 10 11 12 13 14 15 16 17 18 19] [2 2 2 2 2 2 2 2 2 1 1 1 1 1 1 1 1 1 1]
[10, '1', 2][10, 11, 12, 13, 14, 15, 16, 17, 18, 19] [2 2 2 2 2 2 2 1 1 1]
[7, '2', 3][10, 11, 12, 13, 14, 15, 16] [2 2 1 2 1 1 1]
[4, '1', 4][12, 14, 15, 16] [2 2 1 1]
[9, '2', 2][1, 2, 3, 4, 5, 6, 7, 8, 9] [2 2 1 1 2 2 2 1 2]
[6, '2', 3][1, 2, 5, 6, 7, 9] [2 2 1 1 1 1]
[19, 0, 1][ 1  2  3  4  5  6  7  8  9 10 11 12 13 14 15 16 17 18 19] [2 2 2 2 2 2 2 2 2 1 1 1 1 1 1 1 1 1 1]
[10, '1', 2][10, 11, 12, 13, 14, 15, 16, 17, 18, 19] [2 2 2 2 2 2 2 1 1 1]
[7, '2', 3][10, 11, 12, 13, 14, 15, 16] [2 2 1 2 1 1 1]
[4, '1', 4][12, 14, 15, 16] [2 2 1 1]
[9, '2', 2][1, 2, 3, 4, 5, 6, 7, 8, 9] [2 2 1 1 2 2 2 1 2]
[6, '2', 3][1, 2, 5, 6, 7, 9] [2 2 1 1 1 1]
[19, 0, 1][ 1  2  3  4  5  6  7  8  9 10 11 12 13 14 15 16 17 18 19] [2 2 2 2 2 2 2 2 2 1 1 1 1 1 1 1 1 1 1]
[10, '1', 2][10, 11, 12, 13, 14, 15, 16, 17, 18, 19] [2 2 2 2 2 2 2 1 1 1]
[7, '2', 3][10, 11, 12, 13, 14, 15, 16] [2 2 1 2 1 1 1]
[4, '1', 4][12, 14, 15, 16] [2 2 1 1]
[9, '2', 2][1, 2, 3, 4, 5, 6, 7, 8, 9] [2 2 1 1 2 2 2 1 2]
[6, '2', 3][1, 2, 5, 6, 7, 9] [2 2 1 1 1 1]
[19, 0, 1][ 1  2  3  4  5  6  7  8  9 10 11 12 13 14 15 16 17 18 19] [2 2 2 2 2 2 2 2 2 1 1 1 1 1 1 1 1 1 1]
[10, '1', 2][10, 11, 12, 13, 14, 15, 16, 17, 18, 19] [2 2 2 2 2 2 2 1 1 1]
[7, '2', 3][10, 11, 12, 13, 14, 15, 16] [2 2 1 2 1 1 1]
[4, '1', 4][12, 14, 15, 16] [2 2 1 1]
[9, '2', 2][1, 2, 3, 4, 5, 6, 7, 8, 9] [2 2 1 1 2 2 2 1 2]
[6, '2', 3][1, 2, 5, 6, 7, 9] [2 2 1 1 1 1]
[19, 0, 1][ 1  2  3  4  5  6  7  8  9 10 11 12 13 14 15 16 17 18 19] [2 2 2 2 2 2 2 2 2 1 1 1 1 1 1 1 1 1 1]
[10, '1', 2][10, 11, 12, 13, 14, 15, 16, 17, 18, 19] [2 2 2 2 2 2 2 1 1 1]
[7, '2', 3][10, 11, 12, 13, 14, 15, 16] [2 2 1 2 1 1 1]
[4, '1', 4][12, 14, 15, 16] [2 2 1 1]
[9, '2', 2][1, 2, 3, 4, 5, 6, 7, 8, 9] [2 2 1 1 2 2 2 1 2]
[6, '2', 3][1, 2, 5, 6, 7, 9] [2 2 1 1 1 1]
[19, 0, 1][ 1  2  3  4  5  6  7  8  9 10 11 12 13 14 15 16 17 18 19] [2 2 2 2 2 2 2 2 2 1 1 1 1 1 1 1 1 1 1]
[10, '1', 2][10, 11, 12, 13, 14, 15, 16, 17, 18, 19] [2 2 2 2 2 2 2 1 1 1]
[7, '2', 3][10, 11, 12, 13, 14, 15, 16] [2 2 1 2 1 1 1]
[4, '1', 4][12, 14, 15, 16] [2 2 1 1]
[9, '2', 2][1, 2, 3, 4, 5, 6, 7, 8, 9] [2 2 1 1 2 2 2 1 2]
[6, '2', 3][1, 2, 5, 6, 7, 9] [2 2 1 1 1 1]
